70000001059067661
70000001047950140
70000001007327635
70000001063732589
70000001046454189
70000001084025070
70000001080034652
70000001060814385
70000001024373436
70000001081804839
70000001032215324
70000001034495921
70000001026733591
70000001066688526
70000001075586868
70000001089864781
70000001084557254
70000001066946156
141266769961347
70000001052028373
70000001062854558
70000001023891330
70000001066237912
70000001071758469
70000001036377367
141265771737530
70000001077275478
70000001078712712
70000001033057081
70000001079586244
70000001017347620
